"renewal_rate:2.0;disposal_rate:2.0": {"renewal_rate": [2.0, 2.0, 2.0, 2.0, 2.0, 2.0, 2.0, 2.0, 2.0, 2.0], "disposal_rate": [2.0, 2.0, 2.0, 2.0, 2.0, 2.0, 2.0, 2.0, 2.0, 2.0]},
"renewal_rate:2.0;disposal_rate:3.3": {"renewal_rate": [2.0, 2.0, 2.0, 2.0, 2.0, 2.0, 2.0, 2.0, 2.0, 2.0], "disposal_rate": [3.33, 3.33, 3.33, 3.33, 3.33, 3.33, 3.33, 3.33, 3.33, 3.33]},
"renewal_rate:2.0;disposal_rate:4.7": {"renewal_rate": [2.0, 2.0, 2.0, 2.0, 2.0, 2.0, 2.0, 2.0, 2.0, 2.0], "disposal_rate": [4.67, 4.67, 4.67, 4.67, 4.67, 4.67, 4.67, 4.67, 4.67, 4.67]},
"renewal_rate:2.0;disposal_rate:6.0": {"renewal_rate": [2.0, 2.0, 2.0, 2.0, 2.0, 2.0, 2.0, 2.0, 2.0, 2.0], "disposal_rate": [6.0, 6.0, 6.0, 6.0, 6.0, 6.0, 6.0, 6.0, 6.0, 6.0]},
"renewal_rate:2.0;disposal_rate:7.3": {"renewal_rate": [2.0, 2.0, 2.0, 2.0, 2.0, 2.0, 2.0, 2.0, 2.0, 2.0], "disposal_rate": [7.33, 7.33, 7.33, 7.33, 7.33, 7.33, 7.33, 7.33, 7.33, 7.33]},
"renewal_rate:2.0;disposal_rate:8.7": {"renewal_rate": [2.0, 2.0, 2.0, 2.0, 2.0, 2.0, 2.0, 2.0, 2.0, 2.0], "disposal_rate": [8.67, 8.67, 8.67, 8.67, 8.67, 8.67, 8.67, 8.67, 8.67, 8.67]},
"renewal_rate:2.0;disposal_rate:1e+01": {"renewal_rate": [2.0, 2.0, 2.0, 2.0, 2.0, 2.0, 2.0, 2.0, 2.0, 2.0], "disposal_rate": [10.0, 10.0, 10.0, 10.0, 10.0, 10.0, 10.0, 10.0, 10.0, 10.0]},
"renewal_rate:3.3;disposal_rate:2.0": {"renewal_rate": [3.33, 3.33, 3.33, 3.33, 3.33, 3.33, 3.33, 3.33, 3.33, 3.33], "disposal_rate": [2.0, 2.0, 2.0, 2.0, 2.0, 2.0, 2.0, 2.0, 2.0, 2.0]},
"renewal_rate:3.3;disposal_rate:3.3": {"renewal_rate": [3.33, 3.33, 3.33, 3.33, 3.33, 3.33, 3.33, 3.33, 3.33, 3.33], "disposal_rate": [3.33, 3.33, 3.33, 3.33, 3.33, 3.33, 3.33, 3.33, 3.33, 3.33]},
"renewal_rate:3.3;disposal_rate:4.7": {"renewal_rate": [3.33, 3.33, 3.33, 3.33, 3.33, 3.33, 3.33, 3.33, 3.33, 3.33], "disposal_rate": [4.67, 4.67, 4.67, 4.67, 4.67, 4.67, 4.67, 4.67, 4.67, 4.67]},
"renewal_rate:3.3;disposal_rate:6.0": {"renewal_rate": [3.33, 3.33, 3.33, 3.33, 3.33, 3.33, 3.33, 3.33, 3.33, 3.33], "disposal_rate": [6.0, 6.0, 6.0, 6.0, 6.0, 6.0, 6.0, 6.0, 6.0, 6.0]},
"renewal_rate:3.3;disposal_rate:7.3": {"renewal_rate": [3.33, 3.33, 3.33, 3.33, 3.33, 3.33, 3.33, 3.33, 3.33, 3.33], "disposal_rate": [7.33, 7.33, 7.33, 7.33, 7.33, 7.33, 7.33, 7.33, 7.33, 7.33]},
"renewal_rate:3.3;disposal_rate:8.7": {"renewal_rate": [3.33, 3.33, 3.33, 3.33, 3.33, 3.33, 3.33, 3.33, 3.33, 3.33], "disposal_rate": [8.67, 8.67, 8.67, 8.67, 8.67, 8.67, 8.67, 8.67, 8.67, 8.67]},
"renewal_rate:3.3;disposal_rate:1e+01": {"renewal_rate": [3.33, 3.33, 3.33, 3.33, 3.33, 3.33, 3.33, 3.33, 3.33, 3.33], "disposal_rate": [10.0, 10.0, 10.0, 10.0, 10.0, 10.0, 10.0, 10.0, 10.0, 10.0]},
"renewal_rate:4.7;disposal_rate:2.0": {"renewal_rate": [4.67, 4.67, 4.67, 4.67, 4.67, 4.67, 4.67, 4.67, 4.67, 4.67], "disposal_rate": [2.0, 2.0, 2.0, 2.0, 2.0, 2.0, 2.0, 2.0, 2.0, 2.0]},
"renewal_rate:4.7;disposal_rate:3.3": {"renewal_rate": [4.67, 4.67, 4.67, 4.67, 4.67, 4.67, 4.67, 4.67, 4.67, 4.67], "disposal_rate": [3.33, 3.33, 3.33, 3.33, 3.33, 3.33, 3.33, 3.33, 3.33, 3.33]},
"renewal_rate:4.7;disposal_rate:4.7": {"renewal_rate": [4.67, 4.67, 4.67, 4.67, 4.67, 4.67, 4.67, 4.67, 4.67, 4.67], "disposal_rate": [4.67, 4.67, 4.67, 4.67, 4.67, 4.67, 4.67, 4.67, 4.67, 4.67]},
"renewal_rate:4.7;disposal_rate:6.0": {"renewal_rate": [4.67, 4.67, 4.67, 4.67, 4.67, 4.67, 4.67, 4.67, 4.67, 4.67], "disposal_rate": [6.0, 6.0, 6.0, 6.0, 6.0, 6.0, 6.0, 6.0, 6.0, 6.0]},
"renewal_rate:4.7;disposal_rate:7.3": {"renewal_rate": [4.67, 4.67, 4.67, 4.67, 4.67, 4.67, 4.67, 4.67, 4.67, 4.67], "disposal_rate": [7.33, 7.33, 7.33, 7.33, 7.33, 7.33, 7.33, 7.33, 7.33, 7.33]},
"renewal_rate:4.7;disposal_rate:8.7": {"renewal_rate": [4.67, 4.67, 4.67, 4.67, 4.67, 4.67, 4.67, 4.67, 4.67, 4.67], "disposal_rate": [8.67, 8.67, 8.67, 8.67, 8.67, 8.67, 8.67, 8.67, 8.67, 8.67]},
"renewal_rate:4.7;disposal_rate:1e+01": {"renewal_rate": [4.67, 4.67, 4.67, 4.67, 4.67, 4.67, 4.67, 4.67, 4.67, 4.67], "disposal_rate": [10.0, 10.0, 10.0, 10.0, 10.0, 10.0, 10.0, 10.0, 10.0, 10.0]},
"renewal_rate:6.0;disposal_rate:2.0": {"renewal_rate": [6.0, 6.0, 6.0, 6.0, 6.0, 6.0, 6.0, 6.0, 6.0, 6.0], "disposal_rate": [2.0, 2.0, 2.0, 2.0, 2.0, 2.0, 2.0, 2.0, 2.0, 2.0]},
"renewal_rate:6.0;disposal_rate:3.3": {"renewal_rate": [6.0, 6.0, 6.0, 6.0, 6.0, 6.0, 6.0, 6.0, 6.0, 6.0], "disposal_rate": [3.33, 3.33, 3.33, 3.33, 3.33, 3.33, 3.33, 3.33, 3.33, 3.33]},
"renewal_rate:6.0;disposal_rate:4.7": {"renewal_rate": [6.0, 6.0, 6.0, 6.0, 6.0, 6.0, 6.0, 6.0, 6.0, 6.0], "disposal_rate": [4.67, 4.67, 4.67, 4.67, 4.67, 4.67, 4.67, 4.67, 4.67, 4.67]},
"renewal_rate:6.0;disposal_rate:6.0": {"renewal_rate": [6.0, 6.0, 6.0, 6.0, 6.0, 6.0, 6.0, 6.0, 6.0, 6.0], "disposal_rate": [6.0, 6.0, 6.0, 6.0, 6.0, 6.0, 6.0, 6.0, 6.0, 6.0]},
"renewal_rate:6.0;disposal_rate:7.3": {"renewal_rate": [6.0, 6.0, 6.0, 6.0, 6.0, 6.0, 6.0, 6.0, 6.0, 6.0], "disposal_rate": [7.33, 7.33, 7.33, 7.33, 7.33, 7.33, 7.33, 7.33, 7.33, 7.33]},
"renewal_rate:6.0;disposal_rate:8.7": {"renewal_rate": [6.0, 6.0, 6.0, 6.0, 6.0, 6.0, 6.0, 6.0, 6.0, 6.0], "disposal_rate": [8.67, 8.67, 8.67, 8.67, 8.67, 8.67, 8.67, 8.67, 8.67, 8.67]},
"renewal_rate:6.0;disposal_rate:1e+01": {"renewal_rate": [6.0, 6.0, 6.0, 6.0, 6.0, 6.0, 6.0, 6.0, 6.0, 6.0], "disposal_rate": [10.0, 10.0, 10.0, 10.0, 10.0, 10.0, 10.0, 10.0, 10.0, 10.0]},
"renewal_rate:7.3;disposal_rate:2.0": {"renewal_rate": [7.33, 7.33, 7.33, 7.33, 7.33, 7.33, 7.33, 7.33, 7.33, 7.33], "disposal_rate": [2.0, 2.0, 2.0, 2.0, 2.0, 2.0, 2.0, 2.0, 2.0, 2.0]},
"renewal_rate:7.3;disposal_rate:3.3": {"renewal_rate": [7.33, 7.33, 7.33, 7.33, 7.33, 7.33, 7.33, 7.33, 7.33, 7.33], "disposal_rate": [3.33, 3.33, 3.33, 3.33, 3.33, 3.33, 3.33, 3.33, 3.33, 3.33]},
"renewal_rate:7.3;disposal_rate:4.7": {"renewal_rate": [7.33, 7.33, 7.33, 7.33, 7.33, 7.33, 7.33, 7.33, 7.33, 7.33], "disposal_rate": [4.67, 4.67, 4.67, 4.67, 4.67, 4.67, 4.67, 4.67, 4.67, 4.67]},
"renewal_rate:7.3;disposal_rate:6.0": {"renewal_rate": [7.33, 7.33, 7.33, 7.33, 7.33, 7.33, 7.33, 7.33, 7.33, 7.33], "disposal_rate": [6.0, 6.0, 6.0, 6.0, 6.0, 6.0, 6.0, 6.0, 6.0, 6.0]},
"renewal_rate:7.3;disposal_rate:7.3": {"renewal_rate": [7.33, 7.33, 7.33, 7.33, 7.33, 7.33, 7.33, 7.33, 7.33, 7.33], "disposal_rate": [7.33, 7.33, 7.33, 7.33, 7.33, 7.33, 7.33, 7.33, 7.33, 7.33]},
"renewal_rate:7.3;disposal_rate:8.7": {"renewal_rate": [7.33, 7.33, 7.33, 7.33, 7.33, 7.33, 7.33, 7.33, 7.33, 7.33], "disposal_rate": [8.67, 8.67, 8.67, 8.67, 8.67, 8.67, 8.67, 8.67, 8.67, 8.67]},
"renewal_rate:7.3;disposal_rate:1e+01": {"renewal_rate": [7.33, 7.33, 7.33, 7.33, 7.33, 7.33, 7.33, 7.33, 7.33, 7.33], "disposal_rate": [10.0, 10.0, 10.0, 10.0, 10.0, 10.0, 10.0, 10.0, 10.0, 10.0]},
"renewal_rate:8.7;disposal_rate:2.0": {"renewal_rate": [8.67, 8.67, 8.67, 8.67, 8.67, 8.67, 8.67, 8.67, 8.67, 8.67], "disposal_rate": [2.0, 2.0, 2.0, 2.0, 2.0, 2.0, 2.0, 2.0, 2.0, 2.0]},
"renewal_rate:8.7;disposal_rate:3.3": {"renewal_rate": [8.67, 8.67, 8.67, 8.67, 8.67, 8.67, 8.67, 8.67, 8.67, 8.67], "disposal_rate": [3.33, 3.33, 3.33, 3.33, 3.33, 3.33, 3.33, 3.33, 3.33, 3.33]},
"renewal_rate:8.7;disposal_rate:4.7": {"renewal_rate": [8.67, 8.67, 8.67, 8.67, 8.67, 8.67, 8.67, 8.67, 8.67, 8.67], "disposal_rate": [4.67, 4.67, 4.67, 4.67, 4.67, 4.67, 4.67, 4.67, 4.67, 4.67]},
"renewal_rate:8.7;disposal_rate:6.0": {"renewal_rate": [8.67, 8.67, 8.67, 8.67, 8.67, 8.67, 8.67, 8.67, 8.67, 8.67], "disposal_rate": [6.0, 6.0, 6.0, 6.0, 6.0, 6.0, 6.0, 6.0, 6.0, 6.0]},
"renewal_rate:8.7;disposal_rate:7.3": {"renewal_rate": [8.67, 8.67, 8.67, 8.67, 8.67, 8.67, 8.67, 8.67, 8.67, 8.67], "disposal_rate": [7.33, 7.33, 7.33, 7.33, 7.33, 7.33, 7.33, 7.33, 7.33, 7.33]},
"renewal_rate:8.7;disposal_rate:8.7": {"renewal_rate": [8.67, 8.67, 8.67, 8.67, 8.67, 8.67, 8.67, 8.67, 8.67, 8.67], "disposal_rate": [8.67, 8.67, 8.67, 8.67, 8.67, 8.67, 8.67, 8.67, 8.67, 8.67]},
"renewal_rate:8.7;disposal_rate:1e+01": {"renewal_rate": [8.67, 8.67, 8.67, 8.67, 8.67, 8.67, 8.67, 8.67, 8.67, 8.67], "disposal_rate": [10.0, 10.0, 10.0, 10.0, 10.0, 10.0, 10.0, 10.0, 10.0, 10.0]},
"renewal_rate:1e+01;disposal_rate:2.0": {"renewal_rate": [10.0, 10.0, 10.0, 10.0, 10.0, 10.0, 10.0, 10.0, 10.0, 10.0], "disposal_rate": [2.0, 2.0, 2.0, 2.0, 2.0, 2.0, 2.0, 2.0, 2.0, 2.0]},
"renewal_rate:1e+01;disposal_rate:3.3": {"renewal_rate": [10.0, 10.0, 10.0, 10.0, 10.0, 10.0, 10.0, 10.0, 10.0, 10.0], "disposal_rate": [3.33, 3.33, 3.33, 3.33, 3.33, 3.33, 3.33, 3.33, 3.33, 3.33]},
"renewal_rate:1e+01;disposal_rate:4.7": {"renewal_rate": [10.0, 10.0, 10.0, 10.0, 10.0, 10.0, 10.0, 10.0, 10.0, 10.0], "disposal_rate": [4.67, 4.67, 4.67, 4.67, 4.67, 4.67, 4.67, 4.67, 4.67, 4.67]},
"renewal_rate:1e+01;disposal_rate:6.0": {"renewal_rate": [10.0, 10.0, 10.0, 10.0, 10.0, 10.0, 10.0, 10.0, 10.0, 10.0], "disposal_rate": [6.0, 6.0, 6.0, 6.0, 6.0, 6.0, 6.0, 6.0, 6.0, 6.0]},
"renewal_rate:1e+01;disposal_rate:7.3": {"renewal_rate": [10.0, 10.0, 10.0, 10.0, 10.0, 10.0, 10.0, 10.0, 10.0, 10.0], "disposal_rate": [7.33, 7.33, 7.33, 7.33, 7.33, 7.33, 7.33, 7.33, 7.33, 7.33]},
"renewal_rate:1e+01;disposal_rate:8.7": {"renewal_rate": [10.0, 10.0, 10.0, 10.0, 10.0, 10.0, 10.0, 10.0, 10.0, 10.0], "disposal_rate": [8.67, 8.67, 8.67, 8.67, 8.67, 8.67, 8.67, 8.67, 8.67, 8.67]},
"renewal_rate:1e+01;disposal_rate:1e+01": {"renewal_rate": [10.0, 10.0, 10.0, 10.0, 10.0, 10.0, 10.0, 10.0, 10.0, 10.0], "disposal_rate": [10.0, 10.0, 10.0, 10.0, 10.0, 10.0, 10.0, 10.0, 10.0, 10.0]},
